1.3449
6.0579
-0.94608
-3.3495
5.7614
-3.4397
9.6941
9.9916
-5.5067
8.5909
-5.0456
-5.8835
-0.23304
0.89443
4.9352
-7.6448
3.6566
-4.5102
4.531
6.6288
-7.4354
6.3215
-4.7969
1.3994
1.8072
-2.2078
-3.2333
-0.43363
7.1495
3.6868
9.0755
-4.3559
-8.6758
-7.5178
9.3291
1.1574
-6.7781
1.8576
4.3836
5.3534
7.3645
1.6113
4.8332
-3.5582
2.7959
-0.65813
-7.4365
-4.7931
7.0694
-3.1443
-7.1536
-4.861
-9.3008
8.3544
-8.0313
8.3902
8.5702
-3.9514
6.3701
-5.8892
3.8125
-5.0498
1.4399
8.6978
-0.91609
3.9455
-5.3569
-0.054249
-0.59938
3.7809
7.5824
5.0141
6.4869
9.8611
-6.4332
-8.6109
-4.2884
-0.6283
-9.3164
-2.7645
5.1012
-1.9928
-0.54454
5.8657
-9.828
-6.137
-2.2404
0.55773
-6.1128
-6.1695
-0.10376
-0.073235
4.9187
9.1747
0.79384
-8.9468
-6.2915
-3.5224
-3.9829
-4.4809
