-0.50043
17.749
0.82615
10.856
12.678
29.206
17.538
10.131
64.597
14.633
34.915
47.363
-3.5696
-12.479
2.7889
42.207
16.274
18.668
17.363
-2.2466
56.662
4.4255
40.697
-10.35
5.756
18.3
37.674
-1.5394
17.361
5.4743
12.081
52.431
67.165
67.353
11.33
6.4677
48.764
-10.582
13.098
8.5553
2.6403
3.9797
10.861
33.304
12.436
7.1295
69.05
26.214
12.005
31.856
63.189
24.377
74.057
-7.9881
63.902
16.085
11.383
30.481
23.38
59.598
-0.49485
40.48
-1.8224
-6.0187
3.85
-4.0663
50.77
-7.6994
1.635
2.8245
-4.51
-8.9715
25.339
8.8005
57.512
64.12
27.185
-10.61
64.161
35.206
14.713
12.077
0.4973
5.635
89.408
42.89
24.658
9.4016
46.501
53.375
9.8315
4.849
9.6128
9.3367
13.201
66.575
65.702
38.007
19.823
32.326
